Hierarchical Dynamic_hierarchical/s
  189.460512     2.898918
  191.030916     2.956956
  190.298658     3.050485
  188.754769     2.968396
  188.255369     2.938767
  188.944894     2.946260
  189.784713     3.008365
  190.511165     3.005107
  195.114710     2.959792
  192.664884     2.974192
  190.559712     2.937489
  190.955967     2.971122
  192.343290     2.942415
  190.302939     2.920522
  189.567746     3.007469
  190.854310     2.934579
  199.168654     2.951469
  192.968534     3.010144
  189.074267     2.948184
  188.807338     2.917609
  189.898439     2.931753
  191.047220     3.014892
  191.372431     2.957129
  190.382608     2.962201
  191.145959     3.659726
  191.193550     2.885122
  190.248778     2.930671
  189.528816     2.948512
  189.723179     3.007583
  191.262151     3.027376
  192.097653     2.946953
  191.488187     2.965837
  191.918750     2.978171
  191.597551     2.973457
  191.633064     2.949138
  192.323473     2.998570
  191.550811     3.013082
  191.444729     2.978163
  189.080188     2.984591
  190.713066     2.956066
  190.600056     2.954152
  189.122199     2.906187
  190.269029     2.978478
  190.700361     2.977124
  189.125901     2.943621
  189.743387     2.987919
  190.631574     3.004254
  190.784224     2.945782
  188.596034     2.951786
  188.824377     2.971582
  188.966275     2.931998
  189.567813     2.921154
  189.562164     2.929485
  188.483556     2.922606
  189.505813     2.969331
  190.094705     2.943657
  189.656228     2.956115
  188.766779     2.939119
