         0    0.42345
         1    0.62000
         2    0.84898
         3    1.65852
         4    1.70599
         5    2.12113
         6    2.48687
         7    2.91570
         8    3.40303
         9    4.45078
        10    4.48943
        11    5.64774
        12    5.69306
        13    6.94837
        14    6.91936
        15    7.63717
        16    8.47061
        17    9.28628
        18   10.11790
        19   11.31513
        20   12.89372
        21   12.08885
        22   13.87901
        23   14.97500
        24   14.95883
        25   15.76903
        26   16.85155
        27   17.94815
        28   19.18621
        29   21.79345
        30   21.28976
        31   21.31774
   0.00002    0.21669    0.21671    0.20671    1.00000    1.00000
   0.03345    0.29523    0.32868    0.29124    1.00000    1.00000
   0.11085    0.36809    0.47894    0.36994    1.00000    1.00000
   0.21634    0.72259    0.93893    0.71939    2.00000    2.00000
   0.34528    0.82888    1.17415    0.53164    2.00000    1.00000
   0.54233    0.94392    1.48625    0.63460    2.00000    1.00000
   0.73900    1.05347    1.79247    0.69420    2.00000    1.00000
   0.99079    1.15527    2.14607    0.76942    2.00000    1.00000
   1.28156    1.26843    2.54999    0.85277    2.00000    1.00000
   1.63215    1.35901    2.99116    1.45933    2.00000    2.00000
   1.99357    1.48579    3.47935    1.00981    2.00000    1.00000
   2.34679    1.60682    3.95362    1.69384    2.00000    2.00000
   2.79203    1.71943    4.51146    1.18131    2.00000    1.00000
   3.27647    2.44323    5.71970    1.22834    3.00000    1.00000
   3.69373    1.90568    5.59941    1.31957    2.00000    1.00000
   4.21532    2.04129    6.25661    1.38021    2.00000    1.00000
   4.83364    2.11791    6.95155    1.51872    2.00000    1.00000
   5.55241    2.19566    7.74807    1.53786    2.00000    1.00000
   6.08015    2.36846    8.44862    1.66890    2.00000    1.00000
   6.88336    1.69857    8.58192    2.73283    1.00000    2.00000
   7.60373    2.59672   10.20045    2.69283    2.00000    2.00000
   7.79609    2.52037   10.31646    1.77199    2.00000    1.00000
   8.51557    3.54658   12.06215    1.81643    3.00000    1.00000
   9.28885    2.72965   12.01851    2.95605    2.00000    2.00000
  10.16194    2.82805   12.99000    1.96842    2.00000    1.00000
  10.81939    2.90525   13.72463    2.04393    2.00000    1.00000
  11.70349    3.00844   14.71193    2.13913    2.00000    1.00000
  12.62715    3.13732   15.76448    2.18319    2.00000    1.00000
  13.65249    3.22834   16.88083    2.30487    2.00000    1.00000
  14.84278    3.36068   18.20346    3.58950    2.00000    2.00000
  15.49172    3.39471   18.88643    2.40283    2.00000    1.00000
  16.56622    2.27308   18.83930    2.47792    1.00000    1.00000
