   0.00002    2.38650    2.38653    2.41289    1.00000    1.00000
   0.15100    2.65138    2.80238    2.69211    1.00000    1.00000
   0.46776    2.92310    3.39087    5.13626    1.00000    2.00000
   0.92950    5.56394    6.49344    3.22053    2.00000    1.00000
   1.56431    5.92144    7.48575    3.49625    2.00000    1.00000
   2.28343    6.56883    8.85225    3.89459    2.00000    1.00000
   3.25614    6.95994   10.21609    7.21268    2.00000    2.00000
   4.31982    7.38858   11.70840    7.63984    2.00000    2.00000
   5.55605    7.80939   13.36543    4.94153    2.00000    1.00000
   6.95509    8.30174   15.25683    5.21087    2.00000    1.00000
   8.48108    8.78760   17.26868    5.60957    2.00000    1.00000
  10.18282    9.42976   19.61257    5.98189    2.00000    1.00000
  12.06853    6.06498   18.13351    6.25844    1.00000    1.00000
  14.20291   10.49420   24.69710    6.68716    2.00000    1.00000
  16.19270   10.67568   26.86839    6.98471    2.00000    1.00000
  18.49370   11.12487   29.61857    7.25366    2.00000    1.00000
  21.04647   11.87027   32.91674    7.79181    2.00000    1.00000
  23.65370   12.07466   35.72836    7.97205    2.00000    1.00000
  26.59252   12.76447   39.35699    8.52747    2.00000    1.00000
  29.37543    8.19100   37.56643    8.74382    1.00000    1.00000
  32.64531   13.61891   46.26422    8.95438    2.00000    1.00000
  35.73767    8.84661   44.58428    9.40211    1.00000    1.00000
  39.14612   14.92700   54.07312    9.73748    2.00000    1.00000
  42.70401   14.97928   57.68329   10.10304    2.00000    1.00000
  46.52633   15.50410   62.03043   10.34636    2.00000    1.00000
  50.65609   16.15623   66.81231   10.69406    2.00000    1.00000
  54.27633   16.38208   70.65841   11.10017    2.00000    1.00000
  58.53038   17.09694   75.62732   11.36268    2.00000    1.00000
  63.14537   11.06689   74.21226   11.79019    1.00000    1.00000
  67.75318   17.98034   85.73353   12.02285    2.00000    1.00000
  72.40311   18.43418   90.83729   12.51311    2.00000    1.00000
  76.95130   18.79279   95.74410   12.60211    2.00000    1.00000
