         0    0.01329
         1    0.04026
         2    0.12157
         3    0.16223
         4    0.20064
         5    0.42521
         6    0.35930
         7    0.32935
         8    0.46315
         9    0.42724
        10    0.44799
        11    0.70866
        12    0.84839
        13    0.68951
        14    0.66356
        15    0.74036
        16    0.96530
        17    0.82679
        18    1.13539
        19    1.15431
        20    1.05887
        21    1.01910
        22    1.16745
        23    1.26122
        24    1.27125
        25    1.69536
        26    1.52641
        27    1.46736
        28    1.86113
        29    2.07137
        30    1.74770
        31    1.87528
   0.00002    0.00648    0.00650    0.00677    1.00000    1.00000
   0.00165    0.02100    0.02265    0.01760    3.00000    2.00000
   0.00640    0.04388    0.05028    0.07126    5.00000    8.00000
   0.01104    0.12140    0.13243    0.02975   11.00000    2.00000
   0.01792    0.13337    0.15129    0.04931   10.00000    3.00000
   0.02548    0.26271    0.28819    0.13699   17.00000    8.00000
   0.04166    0.18259    0.22425    0.13499   10.00000    7.00000
   0.05116    0.21896    0.27012    0.05917   10.00000    2.00000
   0.06965    0.28929    0.35895    0.10410   10.00000    3.00000
   0.08250    0.24532    0.32782    0.09936   10.00000    3.00000
   0.10001    0.26015    0.36017    0.08775    9.00000    2.00000
   0.13888    0.42655    0.56543    0.14317   15.00000    4.00000
   0.14978    0.51141    0.66119    0.18713   15.00000    5.00000
   0.16868    0.35906    0.52774    0.16171   10.00000    4.00000
   0.20257    0.36100    0.56357    0.09994   10.00000    2.00000
   0.27586    0.34751    0.62337    0.11690    9.00000    2.00000
   0.25915    0.58113    0.84028    0.12493   14.00000    2.00000
   0.32085    0.42827    0.74912    0.07758   10.00000    1.00000
   0.33804    0.62181    0.95985    0.17544   14.00000    3.00000
   0.37728    0.63718    1.01445    0.13977   14.00000    2.00000
   0.43318    0.48042    0.91360    0.14518   10.00000    2.00000
   0.45191    0.47089    0.92280    0.09613    9.00000    1.00000
   0.49101    0.55439    1.04540    0.12191   10.00000    1.00000
   0.58012    0.51729    1.09741    0.16373    9.00000    2.00000
   0.59118    0.56584    1.15702    0.11416   10.00000    1.00000
   0.63277    0.88394    1.51671    0.17858   15.00000    2.00000
   0.68217    0.66313    1.34529    0.18104   11.00000    2.00000
   0.71108    0.63940    1.35048    0.11681   10.00000    1.00000
   0.75867    0.96352    1.72219    0.13885   15.00000    1.00000
   0.82690    1.03801    1.86491    0.20634   15.00000    2.00000
   0.86219    0.68352    1.54570    0.20192   10.00000    2.00000
   0.92086    0.81591    1.73677    0.13842   11.00000    1.00000
